8745
1440
5509
2347
29
6738
7264
8304
8571
1524
3549
8500
7087
8945
9659
6339
2952
7549
5779
8656
8951
7977
5938
4344
1869
9509
2841
5579
8739
77
1966
6613
5751
9046
6859
8983
9908
2088
6038
2612
2962
2799
1760
9774
8292
5515
3631
2375
6570
9268
9213
2653
7122
1873
7510
4877
3006
8262
7595
3793
5852
3016
4773
3469
4421
6497
4778
2024
5527
9221
3067
4328
7097
57
2269
3187
4642
6202
3179
8901
8956
2409
6235
1509
1896
6215
4733
4841
7509
826
982
4069
1812
3303
5171
5664
6362
562
8019
1991
6363
4500
6228
1177
3699
388
9811
5421
8288
9567
1272
6068
1904
8814
2923
5431
2702
3984
6103
6364
7108
8343
7841
8515
8997
4334
9312
9125
8452
3667
5647
8806
7026
6653
7810
2509
7321
7746
6111
1557
2717
3025
1481
8678
2577
2409
937
7260
273
4004
447
3158
7692
1734
409
7390
9764
8791
5661
7862
6599
9162
269
5342
3597
3028
6475
9576
3298
73
5208
5481
3806
8641
5184
1645
9631
4034
6671
682
6338
9227
2047
9537
3333
1616
6026
7598
6066
2451
2709
9879
4733
4917
937
4350
3496
268
3266
1950
9998
4234
2017
7212
8857
352
5457
1848
3653
6394
5470
7989
8269
5124
3462
4333
3357
182
1022
7055
2586
5748
5449
1098
1969
290
7550
6340
3662
9632
7186
8094
5117
6622
1957
5334
2487
9491
8947
4039
2531
4803
8413
9735
9625
1183
1210
6166
8253
2557
9558
3794
3886
9474
3149
770
6752
3174
4263
2357
6815
9541
8652
7238
4856
1421
2127
197
4732
9892
4629
7839
2133
5074
8484
9160
4892
7285
880
8116
4168
2880
7060
2848
1785
2251
2712
1801
6627
8028
6060
5109
3217
6361
3003
2479
4239
7477
762
1518
8667
7404
6258
1424
426
9867
4719
9894
8069
1024
6818
3606
3238
5603
6133
9057
3079
2315
7166
4709
665
1633
5056
4591
1900
8663
6052
79
4456
9980
8502
5259
5949
3083
1060
55
1168
8186
747
9990
5402
4529
414
7813
3523
119
5252
9257
1011
1091
137
9389
2104
3790
4249
4290
5922
7780
51
7857
5998
4467
1199
2144
1119
1482
9875
8958
6574
7477
7248
2767
3832
2105
4227
3945
5005
5459
808
4741
6369
4821
7643
925
1721
3241
2474
5405
6137
3504
4187
332
2354
1585
1140
6002
7048
8309
5037
2173
4791
3586
2670
7330
1083
5610
1859
5742
4567
9122
8655
5981
4057
5934
6846
5205
3240
6288
6220
4813
9230
261
9531
2739
6594
3900
2825
1299
7779
1167
4470
7923
6251
5254
5776
1996
8108
3842
6567
7544
5063
1850
6801
6251
155
1893
6260
1091
7867
4702
3834
2366
6171
6541
5276
4150
3681
6181
7111
4770
3156
1870
896
9478
1460
148
752
4312
9795
9317
6742
7855
5717
8067
3418
587
3872
4937
4648
5755
7013
7011
2300
744
3703
6356
3907
7458
7563
9299
2877
238
6937
7546
5366
6404
2032
2519
8565
52
